number of training samples = 28251
number of testing samples  = 3139
model layer: [2022, 1200, 560, 480, 320, 240, 120, 1]
activation: relu
epoch train_loss test_loss lr time(s)
0 9.5648e+04 9.2480e+04 1.000e-04 23.536
1 9.6919e+04 3.8205e+04 1.000e-04 24.777
2 2.2141e+04 9.7361e+03 1.000e-04 25.006
3 1.1083e+04 9.2761e+03 1.000e-04 25.198
4 9.4681e+03 1.0032e+04 1.000e-04 26.125
5 8.9096e+03 8.5997e+03 1.000e-04 29.048
6 8.6627e+03 8.1078e+03 1.000e-04 25.438
7 8.0471e+03 7.9432e+03 1.000e-04 24.118
8 1.0514e+04 8.0274e+03 1.000e-04 24.095
9 2.6299e+04 2.7640e+04 1.000e-04 24.259
10 1.2388e+04 9.1843e+03 1.000e-04 23.415
11 7.6201e+03 7.7720e+03 1.000e-04 23.594
12 7.3209e+03 9.0981e+03 1.000e-04 24.466
13 9.0823e+03 7.0658e+03 1.000e-04 24.005
14 7.0757e+03 7.1892e+03 1.000e-04 24.102
15 8.1127e+03 7.8253e+03 1.000e-04 24.079
16 7.8992e+03 6.9173e+03 1.000e-04 23.737
17 7.5831e+03 8.1645e+03 1.000e-04 23.781
18 7.2634e+03 6.7297e+03 1.000e-04 23.270
19 9.7503e+03 1.8621e+04 1.000e-04 23.607
20 7.7153e+03 7.3509e+03 9.000e-05 23.374
21 7.9345e+03 8.5163e+03 9.000e-05 24.956
22 7.4082e+03 6.5204e+03 9.000e-05 24.414
23 6.4033e+03 6.6148e+03 9.000e-05 23.894
24 8.2847e+03 6.8656e+03 9.000e-05 25.042
25 6.5861e+03 6.4825e+03 9.000e-05 24.823
26 6.5054e+03 6.4278e+03 9.000e-05 24.706
27 9.5400e+03 6.6901e+03 9.000e-05 23.478
28 6.4040e+03 6.9138e+03 9.000e-05 23.075
29 6.5363e+03 6.4757e+03 9.000e-05 22.638
30 6.3051e+03 6.0878e+03 9.000e-05 23.931
31 6.2542e+03 6.0907e+03 9.000e-05 23.624
32 7.2044e+03 6.6745e+03 9.000e-05 23.490
33 6.3263e+03 8.1122e+03 9.000e-05 24.228
34 7.4137e+03 6.3018e+03 9.000e-05 24.038
35 6.1083e+03 6.7446e+03 9.000e-05 24.808
36 6.5070e+03 6.7457e+03 9.000e-05 24.709
37 6.0092e+03 6.2274e+03 9.000e-05 23.975
38 6.4509e+03 5.9463e+03 9.000e-05 23.956
39 1.0262e+04 6.0176e+03 9.000e-05 23.408
40 5.8607e+03 5.8854e+03 8.100e-05 23.470
41 6.2891e+03 6.6050e+03 8.100e-05 23.854
42 7.2048e+03 9.6056e+03 8.100e-05 24.643
43 7.6943e+03 6.1026e+03 8.100e-05 24.811
44 5.8806e+03 5.8570e+03 8.100e-05 23.215
45 6.0453e+03 6.1485e+03 8.100e-05 24.564
46 5.8789e+03 5.7410e+03 8.100e-05 24.471
47 6.5269e+03 7.0898e+03 8.100e-05 25.402
48 6.9239e+03 6.1003e+03 8.100e-05 24.304
49 5.6343e+03 9.5052e+03 8.100e-05 24.913
50 6.1243e+03 5.7555e+03 8.100e-05 24.676
51 6.3434e+03 6.2283e+03 8.100e-05 23.934
52 6.8898e+03 5.9274e+03 8.100e-05 23.666
53 5.5077e+03 1.0938e+04 8.100e-05 24.360
54 8.0909e+03 6.7172e+03 8.100e-05 23.876
55 5.9697e+03 7.1925e+03 8.100e-05 23.631
56 5.5099e+03 5.6840e+03 8.100e-05 23.499
57 5.9756e+03 6.3597e+03 8.100e-05 23.632
58 9.1265e+03 6.6580e+03 8.100e-05 23.568
59 8.1207e+03 6.8169e+03 8.100e-05 25.266
60 6.1393e+03 6.4928e+03 7.290e-05 23.249
61 5.9697e+03 6.0959e+03 7.290e-05 23.320
62 5.8450e+03 6.1295e+03 7.290e-05 23.821
63 5.8746e+03 6.7996e+03 7.290e-05 26.903
64 6.0159e+03 1.0560e+04 7.290e-05 23.826
65 6.0313e+03 8.1797e+03 7.290e-05 24.854
66 5.4776e+03 5.8572e+03 7.290e-05 24.238
67 5.4361e+03 5.7928e+03 7.290e-05 25.728
68 6.2123e+03 6.2816e+03 7.290e-05 24.977
69 5.3540e+03 5.7139e+03 7.290e-05 24.294
70 5.6503e+03 6.7761e+03 7.290e-05 24.552
71 5.8487e+03 5.8854e+03 7.290e-05 24.594
72 5.2640e+03 5.5732e+03 7.290e-05 23.880
73 6.7173e+03 6.7091e+03 7.290e-05 24.654
74 7.1984e+03 6.2343e+03 7.290e-05 23.675
75 5.3843e+03 6.2062e+03 7.290e-05 23.348
76 5.4206e+03 6.7364e+03 7.290e-05 23.684
77 5.2039e+03 5.5800e+03 7.290e-05 23.611
78 5.2730e+03 5.5012e+03 7.290e-05 23.933
79 5.1434e+03 5.7148e+03 7.290e-05 25.508
80 6.1170e+03 5.5196e+03 6.561e-05 25.131
81 5.2366e+03 5.4411e+03 6.561e-05 24.931
82 5.1049e+03 6.4051e+03 6.561e-05 23.399
83 5.4518e+03 5.4906e+03 6.561e-05 22.927
84 6.7729e+03 5.5840e+03 6.561e-05 23.914
85 5.0339e+03 5.4598e+03 6.561e-05 23.671
86 6.8923e+03 6.9593e+03 6.561e-05 25.228
87 6.0270e+03 6.3894e+03 6.561e-05 25.090
88 5.6747e+03 5.9647e+03 6.561e-05 24.952
89 5.6151e+03 5.6699e+03 6.561e-05 24.170
90 5.4173e+03 5.5641e+03 6.561e-05 24.333
91 5.1242e+03 5.5137e+03 6.561e-05 25.153
92 5.5271e+03 5.5208e+03 6.561e-05 24.201
93 6.7456e+03 7.2581e+03 6.561e-05 24.153
94 5.9605e+03 5.8491e+03 6.561e-05 24.162
95 5.0848e+03 7.3294e+03 6.561e-05 24.211
96 5.7891e+03 6.6399e+03 6.561e-05 25.277
97 5.7479e+03 5.8209e+03 6.561e-05 24.948
98 6.0670e+03 5.8176e+03 6.561e-05 24.409
99 5.6620e+03 5.7546e+03 6.561e-05 25.086
100 4.9840e+03 5.4530e+03 5.905e-05 27.092
101 4.9529e+03 6.5298e+03 5.905e-05 24.796
102 5.6024e+03 5.7481e+03 5.905e-05 24.667
103 5.6222e+03 5.6329e+03 5.905e-05 24.251
104 5.0679e+03 5.5101e+03 5.905e-05 24.014
105 4.9166e+03 5.4185e+03 5.905e-05 25.184
106 4.9384e+03 5.8059e+03 5.905e-05 24.587
107 5.4075e+03 5.3969e+03 5.905e-05 24.510
108 5.4318e+03 9.6200e+03 5.905e-05 23.824
109 5.1346e+03 5.6176e+03 5.905e-05 24.151
110 4.8183e+03 5.3193e+03 5.905e-05 24.554
111 4.8180e+03 5.5060e+03 5.905e-05 24.394
112 6.4905e+03 5.4943e+03 5.905e-05 24.231
113 4.8249e+03 5.5432e+03 5.905e-05 24.352
114 4.7944e+03 5.6165e+03 5.905e-05 24.384
115 4.8113e+03 6.2625e+03 5.905e-05 24.497
116 4.9577e+03 5.5132e+03 5.905e-05 23.950
117 6.1112e+03 6.8140e+03 5.905e-05 23.691
118 5.5452e+03 5.3763e+03 5.905e-05 24.020
119 4.8547e+03 5.6086e+03 5.905e-05 23.536
120 4.8323e+03 5.4104e+03 5.314e-05 24.329
121 4.8645e+03 5.4211e+03 5.314e-05 25.417
122 4.8689e+03 5.3682e+03 5.314e-05 24.717
123 4.7303e+03 5.3777e+03 5.314e-05 24.223
124 4.7808e+03 5.2506e+03 5.314e-05 23.889
125 4.7920e+03 5.3677e+03 5.314e-05 24.808
126 4.9077e+03 5.8428e+03 5.314e-05 24.750
127 4.7476e+03 7.9694e+03 5.314e-05 23.929
128 4.7271e+03 5.2337e+03 5.314e-05 23.830
129 4.8307e+03 5.4806e+03 5.314e-05 24.269
130 4.7716e+03 5.5317e+03 5.314e-05 24.100
131 4.6900e+03 6.0846e+03 5.314e-05 23.701
132 4.9981e+03 5.4089e+03 5.314e-05 23.661
133 5.1539e+03 5.5667e+03 5.314e-05 23.436
134 5.1103e+03 5.3817e+03 5.314e-05 23.507
135 4.7166e+03 5.1863e+03 5.314e-05 24.089
136 4.6995e+03 5.3426e+03 5.314e-05 25.188
137 4.6392e+03 7.5410e+03 5.314e-05 25.109
138 4.7423e+03 5.2228e+03 5.314e-05 25.236
139 5.2121e+03 5.2247e+03 5.314e-05 25.532
140 4.6207e+03 5.3824e+03 4.783e-05 25.392
141 4.5983e+03 5.3311e+03 4.783e-05 24.394
142 4.5740e+03 5.2800e+03 4.783e-05 24.886
143 4.6340e+03 5.1157e+03 4.783e-05 24.788
144 5.4273e+03 6.6690e+03 4.783e-05 24.297
145 5.0933e+03 5.3540e+03 4.783e-05 25.104
146 4.7474e+03 5.2319e+03 4.783e-05 25.251
147 4.5969e+03 5.1814e+03 4.783e-05 24.310
148 4.5720e+03 5.1127e+03 4.783e-05 24.899
149 4.5419e+03 5.4653e+03 4.783e-05 26.194
150 4.5613e+03 6.6689e+03 4.783e-05 25.989
151 4.6505e+03 5.1803e+03 4.783e-05 26.164
152 4.7116e+03 5.4477e+03 4.783e-05 24.647
153 4.4980e+03 5.0964e+03 4.783e-05 25.856
154 4.5354e+03 5.8114e+03 4.783e-05 24.050
155 4.8667e+03 5.1886e+03 4.783e-05 23.487
156 4.6598e+03 5.2584e+03 4.783e-05 24.141
157 4.8262e+03 5.1323e+03 4.783e-05 24.042
158 4.6794e+03 5.8370e+03 4.783e-05 23.920
159 4.4946e+03 5.4421e+03 4.783e-05 23.472
160 4.4473e+03 5.1796e+03 4.305e-05 23.026
161 4.5217e+03 5.2947e+03 4.305e-05 23.154
162 4.5862e+03 5.2601e+03 4.305e-05 23.701
163 4.4759e+03 5.2673e+03 4.305e-05 25.509
164 4.5854e+03 5.1252e+03 4.305e-05 23.963
165 4.4741e+03 5.4694e+03 4.305e-05 23.695
166 4.4638e+03 5.9919e+03 4.305e-05 23.656
167 4.4856e+03 5.2539e+03 4.305e-05 23.762
168 4.5008e+03 5.2971e+03 4.305e-05 23.622
169 4.3964e+03 5.1533e+03 4.305e-05 25.003
170 4.4418e+03 5.2348e+03 4.305e-05 24.137
171 4.5589e+03 5.3970e+03 4.305e-05 23.803
172 4.4416e+03 5.2919e+03 4.305e-05 25.178
173 4.4566e+03 5.0385e+03 4.305e-05 24.974
174 4.4022e+03 4.9920e+03 4.305e-05 24.283
175 4.3893e+03 5.0955e+03 4.305e-05 24.783
176 4.3913e+03 5.0819e+03 4.305e-05 26.057
177 4.3516e+03 5.1238e+03 4.305e-05 27.209
178 4.4440e+03 5.0494e+03 4.305e-05 26.635
179 4.3551e+03 5.1191e+03 4.305e-05 25.360
180 4.3868e+03 5.0623e+03 3.874e-05 24.053
181 4.3746e+03 5.0205e+03 3.874e-05 23.602
182 4.3516e+03 5.2446e+03 3.874e-05 24.881
183 4.3387e+03 5.3936e+03 3.874e-05 22.888
184 4.3288e+03 5.0577e+03 3.874e-05 24.455
185 4.3319e+03 5.3412e+03 3.874e-05 24.497
186 4.3265e+03 5.0816e+03 3.874e-05 23.342
187 4.3157e+03 5.5089e+03 3.874e-05 25.881
188 4.3118e+03 5.3212e+03 3.874e-05 25.349
189 4.3124e+03 5.0840e+03 3.874e-05 27.353
190 4.2816e+03 5.0512e+03 3.874e-05 27.565
191 4.2892e+03 5.0322e+03 3.874e-05 27.391
192 4.2418e+03 4.9874e+03 3.874e-05 25.340
193 4.2757e+03 4.9882e+03 3.874e-05 25.409
194 4.2767e+03 5.2314e+03 3.874e-05 25.551
195 4.2448e+03 5.1820e+03 3.874e-05 23.920
196 4.2738e+03 4.9686e+03 3.874e-05 25.614
197 4.2460e+03 5.4143e+03 3.874e-05 23.249
198 4.2168e+03 5.0443e+03 3.874e-05 22.492
199 4.2833e+03 5.1377e+03 3.874e-05 22.572
200 4.2503e+03 5.0714e+03 3.487e-05 23.987
201 4.2025e+03 4.9921e+03 3.487e-05 25.904
202 4.2087e+03 5.0760e+03 3.487e-05 24.821
203 4.2002e+03 4.9720e+03 3.487e-05 22.859
204 4.1715e+03 5.0903e+03 3.487e-05 22.541
205 4.1946e+03 5.1356e+03 3.487e-05 23.205
206 4.2188e+03 5.5720e+03 3.487e-05 22.810
207 4.1830e+03 4.9446e+03 3.487e-05 22.762
208 4.1838e+03 5.0487e+03 3.487e-05 23.059
209 4.1802e+03 4.9139e+03 3.487e-05 22.707
210 4.1633e+03 4.9865e+03 3.487e-05 22.567
211 4.1290e+03 5.0050e+03 3.487e-05 22.580
212 4.1234e+03 4.9929e+03 3.487e-05 23.204
213 4.1351e+03 4.9272e+03 3.487e-05 22.949
214 4.1250e+03 4.9479e+03 3.487e-05 24.583
215 4.1140e+03 4.9790e+03 3.487e-05 22.960
216 4.1476e+03 5.5335e+03 3.487e-05 23.019
217 4.0778e+03 5.0508e+03 3.487e-05 23.220
218 4.1133e+03 5.0267e+03 3.487e-05 23.642
219 4.0960e+03 5.0768e+03 3.487e-05 23.066
220 4.0634e+03 5.1168e+03 3.138e-05 23.106
221 4.0457e+03 5.0194e+03 3.138e-05 23.106
222 4.0710e+03 5.0093e+03 3.138e-05 23.579
223 4.0549e+03 4.8573e+03 3.138e-05 24.268
224 4.0402e+03 4.9668e+03 3.138e-05 23.805
225 4.0445e+03 5.0642e+03 3.138e-05 24.643
226 4.0334e+03 5.0276e+03 3.138e-05 23.816
227 4.0356e+03 5.0324e+03 3.138e-05 24.321
228 4.0591e+03 4.8403e+03 3.138e-05 23.275
229 4.0719e+03 4.8847e+03 3.138e-05 23.189
230 3.9933e+03 4.8985e+03 3.138e-05 23.856
231 3.9969e+03 4.9263e+03 3.138e-05 23.125
232 4.0044e+03 5.0575e+03 3.138e-05 23.301
233 3.9915e+03 4.8346e+03 3.138e-05 24.192
234 4.0177e+03 4.8951e+03 3.138e-05 22.569
235 3.9780e+03 5.2071e+03 3.138e-05 22.766
236 4.0178e+03 5.1676e+03 3.138e-05 23.669
237 3.9699e+03 4.8400e+03 3.138e-05 23.129
238 3.9701e+03 5.5142e+03 3.138e-05 23.266
239 3.9794e+03 5.2409e+03 3.138e-05 24.525
240 3.9588e+03 4.8933e+03 2.824e-05 24.396
241 3.9018e+03 5.2961e+03 2.824e-05 23.666
242 3.9549e+03 5.0809e+03 2.824e-05 23.887
243 3.9195e+03 4.8817e+03 2.824e-05 23.186
244 3.9216e+03 4.8259e+03 2.824e-05 23.840
245 3.9137e+03 4.8735e+03 2.824e-05 24.177
246 3.9205e+03 5.4646e+03 2.824e-05 23.727
247 5.2597e+03 5.0505e+03 2.824e-05 23.250
248 3.9713e+03 4.9037e+03 2.824e-05 23.160
249 3.9169e+03 4.9315e+03 2.824e-05 23.426
250 3.9123e+03 4.9168e+03 2.824e-05 23.602
251 3.9122e+03 5.0016e+03 2.824e-05 24.622
252 3.9095e+03 4.9743e+03 2.824e-05 23.969
253 3.9070e+03 4.9947e+03 2.824e-05 23.244
254 3.8975e+03 8.0464e+03 2.824e-05 23.479
255 3.9585e+03 4.7739e+03 2.824e-05 23.639
256 3.8686e+03 4.7762e+03 2.824e-05 23.569
257 3.8792e+03 4.8693e+03 2.824e-05 23.331
258 3.8697e+03 5.0646e+03 2.824e-05 24.187
259 3.8704e+03 4.8037e+03 2.824e-05 23.521
260 3.8432e+03 4.9542e+03 2.542e-05 23.371
261 3.8599e+03 5.0694e+03 2.542e-05 24.056
262 3.8677e+03 4.8261e+03 2.542e-05 24.079
263 3.8388e+03 4.8922e+03 2.542e-05 23.225
264 3.8297e+03 4.8393e+03 2.542e-05 24.718
265 3.8782e+03 4.8118e+03 2.542e-05 23.350
266 3.8235e+03 6.1975e+03 2.542e-05 23.280
267 3.8313e+03 4.8277e+03 2.542e-05 23.073
268 3.8176e+03 4.7678e+03 2.542e-05 23.068
269 3.8359e+03 4.8799e+03 2.542e-05 22.986
270 3.8373e+03 4.8475e+03 2.542e-05 22.691
271 3.8349e+03 4.8164e+03 2.542e-05 23.484
272 3.8305e+03 4.8260e+03 2.542e-05 23.453
273 3.8120e+03 4.8779e+03 2.542e-05 25.012
274 3.8115e+03 4.8568e+03 2.542e-05 23.545
275 3.7862e+03 4.7835e+03 2.542e-05 23.389
276 3.8333e+03 4.8921e+03 2.542e-05 23.240
277 3.7953e+03 5.0867e+03 2.542e-05 23.105
278 3.7980e+03 4.7537e+03 2.542e-05 22.914
279 3.7601e+03 4.9381e+03 2.542e-05 24.047
280 3.7957e+03 4.9238e+03 2.288e-05 23.014
281 3.7559e+03 4.7556e+03 2.288e-05 22.793
282 3.7807e+03 4.7341e+03 2.288e-05 22.843
283 3.7480e+03 4.7554e+03 2.288e-05 23.091
284 3.7738e+03 4.9633e+03 2.288e-05 23.197
285 3.7648e+03 4.8305e+03 2.288e-05 23.467
286 3.7419e+03 6.2750e+03 2.288e-05 22.524
287 3.8543e+03 4.7622e+03 2.288e-05 24.809
288 3.7522e+03 4.7598e+03 2.288e-05 25.345
289 3.7571e+03 4.8135e+03 2.288e-05 24.970
290 3.7382e+03 4.8826e+03 2.288e-05 26.740
291 3.7342e+03 4.7662e+03 2.288e-05 22.869
292 3.7409e+03 4.7247e+03 2.288e-05 22.832
293 3.7412e+03 4.9030e+03 2.288e-05 22.899
294 3.7455e+03 4.7741e+03 2.288e-05 22.880
